6.846592521e-05
0.0002738692516
0.0004564730123
0.0006391187177
0.0008218261169
0.001004614972
0.001187505062
0.00137051619
0.001553668182
0.001736980897
0.001920474232
0.002104168119
0.00228808254
0.002472237524
0.002656653154
0.002841349572
0.003026346984
0.003211665664
0.00339732596
0.003583348295
0.003769753178
0.003956561202
0.004143793054
0.004331469518
0.00451961148
0.004708239934
0.004897375983
0.005087040851
0.005277255881
0.005468042546
0.005659422449
0.005851417334
0.006044049086
0.006237339739
0.006431311481
0.00662598666
0.006821387789
0.007017537551
0.007214458807
0.007412174599
0.007610708157
0.007810082906
0.00801032247
0.00821145068
0.008413491579
0.008616469427
0.008820408711
0.009025334149
0.009231270697
0.009438243554
0.009646278172
0.00985540026
0.01006563579
0.01027701102
0.01048955246
0.01070328694
0.01091824155
0.01113444371
0.01135192113
0.01157070186
0.01179081425
0.01201228699
0.01223514912
0.01245943003
0.01268515946
0.01291236752
0.0131410847
0.01337134187
0.0136031703
0.01383660165
0.01407166802
0.01430840191
0.01454683626
0.01478700445
0.01502894032
0.01527267818
0.01551825279
0.01576569943
0.01601505384
0.01626635231
0.01651963161
0.01677492907
0.01703228256
0.0172917305
0.01755331188
0.01781706627
0.01808303386
0.01835125541
0.01862177235
0.0188946267
0.01916986117
0.01944751912
0.01972764459
0.02001028233
0.0202954778
0.02058327718
0.0208737274
0.02116687617
0.02146277196
0.02176146405
0.02206300253
0.02236743833
0.02267482325
0.02298520993
0.02329865193
0.02361520372
0.0239349207
0.02425785924
0.02458407667
0.02491363133
0.02524658259
0.02558299087
0.02592291766
0.02626642553
0.02661357819
0.02696444051
0.02731907852
0.02767755945
0.02803995177
0.0284063252
0.02877675076
0.0291513008
0.02953004899
0.02991307042
0.03030044155
0.03069224034
0.03108854621
0.03148944008
0.03189500446
0.03230532343
0.03272048271
0.03314056969
0.03356567347
0.0339958849
0.03443129662
0.03487200311
0.03531810075
0.03576968783
0.03622686461
0.0366897334
0.03715839857
0.0376329666
0.03811354619
0.03860024823
0.03909318594
0.03959247484
0.0400982329
0.04061058052
0.04112964066
0.04165553884
0.04218840327
0.04272836486
0.04327555734
0.04383011729
0.04439218422
0.0449619007
0.04553941236
0.04612486801
0.04671841973
0.04732022295
0.04793043652
0.04854922282
0.04917674785
0.04981318131
0.05045869672
0.05111347153
0.05177768719
0.05245152928
0.05313518762
0.05382885639
0.05453273425
0.05524702443
0.05597193492
0.05670767852
0.05745447304
0.05821254143
0.05898211187
0.05976341798
0.06055669895
0.06136219968
0.06218017097
0.06301086966
0.06385455883
0.06471150795
0.0655819931
0.06646629711
0.06736470981
0.0682775282
0.06920505668
0.07014760723
0.07110549968
0.07207906193
0.07306863014
0.07407454907
0.07509717226
0.0761368623
0.07719399115
0.07826894041
0.07936210155
0.08047387631
0.08160467696
0.0827549266
0.08392505958
0.08511552176
0.08632677093
0.08755927715
0.08881352317
0.09009000479
0.09138923132
0.09271172597
0.09405802634
0.09542868485
0.09682426923
0.09824536302
0.0996925661
0.1011664952
0.1026677844
0.104197086
0.1057550707
0.1073424284
0.1089598691
0.110608123
0.1122879418
0.1140000991
0.1157453912
0.1175246378
0.1193386832
0.1211883966
0.1230746732
0.1249984354
0.1269606333
0.128962246
0.1310042825
0.1330877828
0.1352138189
0.1373834964
0.1395979551
0.1418583707
0.1441659558
0.1465219618
0.1489276795
0.1513844416
0.1538936232
0.1564566443
0.1590749711
0.1617501176
0.1644836478
0.1672771774
0.1701323761
0.1730509692
0.1760347401
0.1790855328
0.1822052538
0.185395875
0.1886594362
0.1919980479
0.1954138939
0.1989092346
0.2024864102
0.2061478435
0.2098960442
0.2137336114
0.2176632385
0.2216877164
0.225809938
0.2300329024
0.2343597198
0.2387936157
0.2433379368
0.2479961554
0.2527718757
0.2576688392
0.262690931
0.2678421864
0.2731267974
0.2785491201
0.2841136822
0.2898251908
0.2956885409
0.3017088241
0.3078913379
0.3142415955
0.3207653361
0.3274685356
0.3343574184
0.3414384692
0.3487184461
0.3562043937
0.3639036577
0.3718239
0.3799731147
0.3883596444
0.3969921992
0.4058798745
0.4150321718
0.4244590199
0.434170797
0.4441783552
0.4544930452
0.4651267442
0.4760918834
0.4874014795
0.4990691661
0.5111092287
0.5235366412
0.5363671046
0.5496170886
0.5633038762
0.5774456101
0.5920613439
0.607171095
0.6227959023
0.6389578876
0.6556803207
0.6729876898
0.6909057762
0.7094617348
0.72868418
0.748603278
0.7692508456
0.7906604567
0.812867556
0.835909582
0.8598260985
0.8846589371
0.9104523492
0.9372531718
0.965111004
0.9940783998
1.024211075
1.055568129
1.08821229
0.5540074745
